11111100 381

11000000 000011000, ΙΙ, 97-189, 141. 110101101001010.0’101010,ΙΙ,142,150. 11000 flama, 1, 1111, 507, 685.
Prooolo (S.) 010000, I, 981, 428, 485, 1111100000 01 Βο10000110, Ι, 629, ΙΙ, 11000110 00010110, I, 666.

548, ΙΙ, 167, 175, 176, 258, 0000- 241. 11011011 00110 1000 1010110100, 110100 0

0010, ΙΙ, 72, 197, Ρο110, 11, 45, 1101011οο 001, Π, 166. 1101110000, ΙΙ, 84-86, 00110 810010

0110111010, ΙΙ, 152. V. 11110001. 11001501018001001110 da imola, 00111- 01 Βο10000, Ι, xvi, 92, 99 0 01,
Ρ101000011001108100101101000010,11, 1000101010 01 1100101, 149, 452 449, 494, 495 0. 6, ΙΙ, 18, 88,

240, 280, 01 011. 011., Ι, 1, ΙΙ, 0. 4. 174, 200, 887, 354. 11. Ancona ;

21, 01 011.000.,Ι,815, ΙΙ, 159, 1100150111οο 01 11001010 001, ΙΙ, 190. Libano· 1101010, 1111010, 15101101

0100101111, Ι, 508, ΙΙ, 201, 011000, 1101050110 miliia di 0111111010, 11, 29. 110110 ,· 1010111, 01 1101110000, ΙΙ,

Ι, 517, ΙΙ, 212, 0111100. ,1, 872, 11001501101000. 01 8. 101100, li, 165. 199, 141, 145, 204.

ΙΙ, 299, 011011, Ι, 595, II, 289, 1100100011 1110001, 290. 1101000 (00) 00110010, Π, 200.

01 1001. 1, 111, ιι, 110. “ Romano, 11, οο. 011011111101011011 11111011 101
11000010 (8.) oh. in 8010000, Π, 28. 1101010100 oona. di 011101. 001 Comana 1884, ΙΙ, 92-97.
1110101110,Ι,498.11.1)01110,·Ι)1110110, di 8010000, 11, 26. 11100000000(00) 81000011οἰ0, Ι, 454

Nan. 0110 810010 1101000000, Π, 18. 110010οο1, 1010., 1, 298 , 00010, 1286, 0. 7 0 8, 498.
Ρ1010010(00)11000010,00110000,Π,288, 1100000001000. 01 000000, ΙΙ, 881, Riooardino, chiesa 0 0001. 0011110011,

1100,11,297.11. 0011011110. ’ 1101050111οο 0101. 01 011. 011.,1, ΙΙ, 78, 225, 11110 01 00001010,
Ρ1010111010, 110000, I, 474, 549, 544. 184, vita: Ι, 299-297, 241, 264 Ι, 159 n. 4, 6, 8, 200, 204, 207
1101011110 00010 111000, Ι, 105. 0. 7, 449, ΙΙ, 56, 57, 77, 222, 111- 0. 2, 210 0. 9, 11, 72.
1101010010 Regino, Ι, 925. 11000, Ι. 900, ΙΙ, 955, 11010000, 111000100, cardinale di 81000101,
1111001010 (00) 80001001010 001, Π, Ι, 298, 1010111000 0101010 01111- 458.

58, 55. 1000, Ι, 294, 286, 11, 944. 111000100 0100011000,1,165, 170 02.
1001100 1010010, Ι, 925, 926, 855. 11000001 0111110100 011100000, Ι, 556, 111000ιο0 Ρο110110 00 81000 11100 000-
Ρ110110, Ι, 165. Π, 95, 221, 222, 251. 0011. 01 S. 0111010, 1, 256, 258.
Puiola, iam., li, 270. 11001010 abb. dis. 8101000 01 Boio· Riooardo 10 0’100111110110,Ι,601.
Ρο101 0111010, l, 559 0. 6. 000,]1, 24. 1110001οο 1000. 01010100000, 0101. 01
Ρο0011110101100000, 0101100, Ι, 208. 11001010 (10000110) 00000100 1101000000, 011. 000., 11101 Ι, 411-414.
10010110 (00)(11101101100 000. 01 Bolo· 0000010111, vita: I, 959-861. 111001101000100, 1, 889 0. 1.

000, I, 26, 142, 189 0. 6, 452 05, 11001010 0100, 1000. 01 Ρο1110010, 1, 899. 111001 0011000, ΙΙ 247 0. 7, 249 0. 2.

ΙΙ, 16, 90, 82, 89, 60, 64. 11001011 01010 01 8. Gregorio, 11, 22. Riooio Ρ10110, 1, 459 0. 8, 454, Ρο010,
Ρο1001011010000000.108010000,Η,62. 1100110οο 0011. 01 10000, I, 122. 11, 999.

10,-1110000 101100010. 1110101111. 1100010000110, Ι, 209, 217. 111001011οο 1111011100 00 Ρ1000000,Ι,258.
1101105000, Ι, 451. 111011 00111000, Ι, 647.
1101000 (00) 1110000101, 262. 111011 (00) Ρο010 001, II, 65.
Q 11010000 01111, Ι, 69, 121, 168, 180, 111011(00) 1400100, I, 666.
199, 190, 219, 914, 874, 478, 697, 11101100101 11.-11., 0101. 00110 studio
Quadorna, 10110010, Π, 82. V. 810- ΙΙ, 294, 258.1.110151“,·010000, 01 8011010, 11, 8.

f‘1'10(S·)1'n· 1101111 (S.) 111 10110, 80100110, 11101101, I, 540 0. 5, suoi 0001101 000
Quadrivi0‚1‚575, Ρ1011110, I, 214, 810010, Ι, 40 000000, Ι, 92.

Quum, luogo, I, 529· 0. 7, 278, 11011000011 ,1, 179, 481 11110101 (00) 80101100, 000. 10 Βο10000, ’
000111οι1 0111010000. V. 810110, Pio· 0. 5, 469 0. 5, 688, ΙΙ, 142, 215, ΙΙ, 266.

11018),Ρ101010(8.),Ρο110110- 949. V. 1411001101, 001100100ρί0, 11100100 00000111010, 1, 1111, 110110-

00011010. 1801110110, 0110110110, 0001101100, 00010 01 0010010,Ι I, 111111.
0110100 (110110) 110010 001. , I, 191 0.1. 0111110, 1111000110, 1000011, 11, 166. 1110, Π, 212.

Π, 55, 940, 80100100, Π, 188, 272, 1101000, 11, 266, 859. 1110 00 11011000 (00) 11011100, 01 1111-

01011000,ΙΙ,64,100010001.,Ι,669 11. 0181101100, 0101. 01 011. 000., 111100, ΙΙ, 499-494.

11· 2· vita: 1, 897-998. 1110011, 1010. 1101110011.
00010010(00)Βθ100100, 1486. 11. 0011. 01011. 000.,1011010 00110 atu· Ripa 0011 isola 01 81111010, Π, 202,
0110011001 0011000101,1,417,0010001- 0101101. 00 000110 ΙΙΙ, 11, 16. 209, 909. V, Veneroai'.

0011, Ι, 417;001111111110, Ι, 192, 417. 110010 (00) (1001101010, 0001010, Π, 18. 11100 01 Paraioo, 11, 57-59.

0111010110 1111111000 0100. 01 1111000, 110001011101110010110011110010,Ι,559. 1110011000000, Ι, 208 n. 8, 471 0. 4.

Ῑ, 64· 1100010, Ι, 191, 2950 0. 2, 286, ΙΙ, 958, 1111100, ΙΙ, 280 n. 8.

1111101100 (008.) 1111011100, 0101. 01 81110101, 185, 262, 11000011, ΙΙ, 011080000100110,Π, 69, 249.
mlo I, ⁶292 ⁶3⁰· 215.11.14150νί000000.,1’011”000, 110110 001 1101000001 000110 11 001-
1110015. 010010 001 Ρο000110,11,109-128,
1100010 (00) 010001010011000010010 001 140-142.
R 00011000, ΙΙ, 152, 11100 011111- 110010, luogo 00110 0100. 0111010000,
0001110, II, 941. 11, 195.
11000010111111101101100, 11, 177, 181. 1100100100, Ι, 589, 662. 11050110 abb. 01 8111011010 10 110010,
Ι10001100,000. 0111101000, 1,1111,11111, 110οἰ0000 0000010101, 945. 10 110111ιο0010, Ι, 998.

11111, 957. 1100011 01000100 00 Ρ1000000 0011. 01 11050110 11. 01 8. 01010110010, ΙΙ,290.
1100101 Το011000111,11, 271. 11101.,1, 598. 11050110 10, Ι, 290.
11001001οη1, Ι, 222, 0. 9. Raima, 01111, Ι, 628. 11000111 010. 0011111010οη0, 11, 199.
11010οι10 000. 01 S. 1101100111000,11, Raima (da) 0001101100, Ι, 124 004. Rodaldi 10111. Ι, 96, 1111101100 Π, 74,

289. 110101000100 (00), Ι, 121. 111000010000 11, 296.

1011. 11. 49*

 

