(1100010100 61 (110110610, 6011, 61 10331,
Il, 02, 217.

6100010100 61 60160 61 Freneolo, 001.,
11, 11, 11.

6100001100 (11 1111016100, 001., ΙΙ, 52.

61000100, 00000. 101030, ΙΙ, 191.

61000010, conside 6011. 61 10331, ΙΙ, 22.

61000010 60 110110 ravennate. V. Porro
reverencie.

(11000010 61 116100000, 0101. 61 611.
011,, Ι, 107, 11101 144-140.
61000100 61 8000010000 6180100010,

not, 11, 200.

61000100 61 80100160, 0001. 601 00100-
00 61 11010300, ΙΙ, 25.

(11000100, 6011. 61 decreti, II, 289.

(11000100, 6011. 61 10331, ΙΙ, 287.

61000100, 0101. 61 611. 000.,11101 1,
sol-002.

61000100, 1000. 61 1100010, ΙΙ, 248.

61000100 (8.), 0101101001060 10 1000-
300, ΙΙ, 257.

61000010 (8.) 601 00010 6011Ἰ6100, I,
486 0. 5.

(11000010 (8.) 6160000110110. 1100111-
00010110.

61000100 (8.) 61 801000, 00010010 60-
311 1110001001, ΙΙ, 52, 179, 198,
216, 217.

61000010 (8.), 1000001.Ιο 1101030011,
00, 01, 101.

6100 80111110 (8.), 011000, ΙΙ, 251.

(11000100 0100011010, 0101. 61 610011,
vila: Ι, 81-82.

6110110, ΙΙ, 24.

6110110, giudice 601 conr. 61 Βο10300,
11, 01.

61110110 (01001110), Ι, 821.

61110110 0011011000, Ι, 844.

61110110, 0101. 61 611. cen, vila: 1,
000-005.

Gilduino, 011. 61 8. 11111010, Ι, 622.

6100110 (60) 11001000, 01000010, sco-
101011, 18.

(110001100 61 Ardoino, 001., ΙΙ,196.

61016000 (monstro), 11, 209.

61016000,1010.61 Pedere, 11, 109.

6101310 (608.) 11011100, 11, 195.

6101310 (8.) 601 80331010, parroechia,
11, 42.

6101310 1101000010, 01010, 001110 601
vose. di 8010311011, 261.

eiecto, 11, 001.

610101100 103100 611100011, Ι,285 n. 4.

Giovonnl 01016100, 111011, 685.

610. Ballista (8.), chiese, Ι, 449, 580.

61010001 8000. V. Bono.

610100016106100, I, 216, 284, 296
n. 2, 001, 000, 000, 010, 010101,
110 e n. 1, 404, 433, 111, 101,
487, 494, 495, 498, 499, 607, 658,
11, 300, 340.

61010001 d’Andrea 60 81000, 11,041.

Giovonnl (10 8, 11011100, 0016,,Ι,111111.
1111001111.

INDICE

61010001 61 1101101001οο 6106100, 00-
11011000 611100001010,ΙΙ, 155.

61010001 61 1100113001, 001., ΙΙ, 55.

61010001 61 Bonuccio 61 6011030100,
001.,11, 181.

61010001 61 0001110, 11001000110, ΙΙ, 77.

61010001 61 Damione, 001., ΙΙ, 287, 886.

(11010001 6111011οο, 001., ΙΙ, 196.

61010001 61 1110010 61 6000016100,
111,,11, 100.

61010001 61 00101000, 3101001110, ΙΙ,
207.

61010001 61 Pesquclc 601 Ρο331010,
001., Il, 44.

61010001 61 Ρο301ο110, ΙΙ, 24.

6101000161 Ρ10110 11101010, 0101. 61
611. 011,, 111011, Ill-lib.

Giovsnni 61 Ρ11010, 001. 101,, II, 27.

(11010001 61 1111100000111011010, Ι,280.

61010001 60110 8100101030, 1001010,
ΙΙ, 18.

61010001 (S.) 106010001001100, 0000-
6010, ΙΙ, 86, 82, 216.

61010001 (S.) 1010101000, ll, 291.

61010001 (8.) 10 110010, 0110001528,
642, 01000110,11, 167, 1000001010,
1, 101, 011, 001, 100,11,01,11,
111, 010, 010, 000, 000, 1111111-
310, ΙΙ, 288-291, 011010, ΙΙ, 255.

61010001 (8.) 10 Ρο1110010, 0010000,
1, 110, 110, 110,100,001,110,
100 n. 2, 11, 10-11, 10, 111, 111,
225, 248, 0101011, 197, 10110 0
0001010, ΙΙ, 15511. Albarelli; Ca·
11111,- Ρο1010010, Ζο0010.

(11010001 (60 S.) 10 Ρο101001ο Bona·
310110, ΙΙ, 241, (11000010 61 Fren-
eeseo, custode 0 massere di S.
610. 10 Ρο1010010,ΙΙ, 155.

61010001 (8,) 10 Perme, 0100011010,
lI, 42.

Gicvcnni (S.) 10 Triario 010010 8010-
00, ΙΙ, 86.

61010001, 1006100, barbiere, I, 522 n. 6.

61010001 0000 XXII, I, 029, ΙΙ, 124.

610100010100011010, 11, 26.

61010001 011010 61 8. 110110160331010,
prol. 61611. 000, vite: Ι, 455.

61010001 (1001010), prol. 61 dir. 000,
111011, 868-365, (1001010), 111οι
1, 001001.

61010001, 010161 100610.,1110; 1, 025-
520.

61010001, tabellione 1010000101, 251.

61010001 1001100, 1001010, ΙΙ, 286.

61010001 Teutonico. V. Teulom'co.

Gievenni, vesc. 61 Βο10300, 00000. 61
8. 610. 10 160010, I, xxx, II, 200.

61010001, 1000. 61 Ρ1000010, ΙΙ, 22.

61010001, 1010. 61 81300, cardinale,
Ι, xxv11 n. 11,xxv111.

61010001 10110010, Ι, 888-885.

6111030110 1111000,0060011 61 Forll,
ll, 40.

6106101 60110 0000110110011οΒ010300,

873

Ι, 151, 156. V. 1410010000 ,’ Gi-
berlo.

Giullredo 6170100080, ΙΙ, 888.

61011000 61 (1001110 61 610110610,ΙΙ,
70-71.

61011000 611000016011, 240.

61011000, medico 101030, I, 521 0. 2.

610110 ΙΙ 0000, ΙΙ, 6.

6101100011 61 professori, ΙΙ, 25-27,
8188, dei 00000101 61 8. Ρ10110,
ΙΙ, 262, 268, (01100101 154, 601
vescovi di Modone 011’ 01011. 61
Ravenna, 11, 251.

610111601000 0111010010 010010 1010-
1000011, Ι, 18 0 n. 0.

Gluscppc priore 61 8. 1’111010,ΙΙ,212.

61001000 (60) (11000010, I, 489.

(1100001000 1100, 11, 275, 276.

(1101 (60) 1101110060, ΙΙ, 110, 140.

610100 61 1100011101, 259, 611100110,
I, 18, 310100 1101060110, Ι,155 08.

(1010110, 011. 61 8. Felice 61 61110060,
ΙΙ, 18.

(10010110, 011. 61 Leon, ΙΙ, 24, 25.

(1013030000, 011000, Ι, 860.

(1013001010 (60) 11011100, 001. 100010-
1000, ΙΙ, 05.

60110 6031101100, 0101. 61 611. 011,,
vita: Ι, 44-49, 657 n. 4, 11, 47,
11011100, 0101. 61 611. 011,, Ι,1111,
111111, 111οε 44-49, 414, II, 29,
L'gclino, prol. 61 611. 011,, vite:
44-403 11, 01.

6010000100, 1011110 61 31001, ΙΙ, 29.

60110160 (8.). 00006010, 11, 71.

6011111061 11010060 61 8010300, II, 85.

60110 61010001, ΙΙ, 164.

6011106101 (00113110, Ι, 242, Bennc, I,
242 0. 8, 80111110, Ι, 171, 11100-
601131, 0101. 61 611. civ., I, 276,
277, viis: 287-290, 11, 56, 6101·
6100, I, 287 0. 1, 600106100, ΙΙ,
841, Leontino, 1, 287 n. 1, 11000-
10000, Ι, 287 0. 1, Ρο300100, 1,
287, Ρ100, 0101. 61 611.011.,11101
I, 287-290.

61061 0000600601, Ι, 81 0. 9.

61060, 001110100, ΙΙ, 146.

61030010, 600010, II, 204.

61016001 Ρο010, Ι, 454 0. 7, 496.

Grammatico, seuele, 1, 586, 11, 244
245.

6111000110, 10030 presso 14130010, ΙΙ,
51-59.

610110 (60) 6031101100, 0101001010, bo-
100100, Ι, 524.

610111 1110110,010(.61 dir. civ., vite:
I, 55-56, II, 240, 60160, ΙΙ, 27,
60101601000. 61 8010300, ΙΙ, 21,

l

1160110060 0016., 1000. 61 Bolo-
gns, 1, xxx.

610000, 01010, ΙΙ, 25.

610010 01016100, 0101. 61 dir. 000, Ι,
011, 011, 011, 001, vita: 302-303;
11, 00, 30, 101110, 0100000110.

 

