211155115, 5151. 51 155515151, vita: Ι,
528-530.

211151511,11111., Ι, 241, 1111151115, Ι,

481, 01115111151511, 992.

2155515515, 11, 221.

25551 215115, 551, ΙΙ, 199.

25555511115 5155135555, 555. 51 Βο-
15351, ΙΙ, 240.

21555115 51 2155, Ι, 202.

215155 (55) 115511555155, Ι, 449,
25551155 55515, 11, 959, (11155155
55511555511155
11535151155, ΙΙ. 189 5 5. 1, Ni·
5515-2555155, Ι, 205, 2351155, Ι,
15,5,51

2551555, ΙΙ, 24.

2551155 (51) 1111511155, ΙΙ, 24, 1135,
ΙΙ, 24.

2151551 01155155, ΙΙ, 195, (1531151515
5151. 51 511. 511.,111111, 175170,
179.

21515 51 1111111155, 5511. 51 5551. ΙΙ,
290.

25515 (S.) di 2151, ΙΙ, 908 5. l.

21515 5511. 51555151. ΙΙ, 289.

25515 51 Μ111155 5511. 51 15331, ΙΙ, 77.

21515 1515555, 551, ΙΙ, 250.

21551555. 7. 1155555515 ΙΙΙ.

2155511551 1151351515 5125111111, Ι,
199, 1155351511, Ι, 199.

25115155. 7. 615. (S.) 15 Monte.

2511155511 51511, ΙΙ, 294.

2511311, 949, 985, 987, 570, 577,

INDIGE

2155111511 (11511551, 5151. 51511. 515,,
1111112498.

2115515551 1155155155 5115, 1, 22.

2155511511, 698.

2515115535 (55) (1531151155, Ι, 991.

21111111 51 8515351, ΙΙ, 155. 7. Lam-
bertt'ni Giacomo.

21115551, sam. ‚ ΙΙ, 79 ,11115115 ΙΙ, 221.

21115,51111,Ι,11111, 119. 7. 2155-
einata.

21111(55) 5155115, 5151. 51 511. 511.,
vita: Ι, 190-191, Β5155155, 5151.
51 511. 515,, 927, 955, 1111, Ῑ,
976-980, 989, 51555515, ΙΙ, 204,
(1531151515, 11, 22, 1115111555 551,
ΙΙ, 204, 265, 0115555151. di 511.
511.,1115, Ι, 192, 982.

2155511 115155 (055551551), 11111555
1115 Studio di Β515351, ΙΙ, 18.

25553315 (11555), ΙΙ, 51.

253515115 (51.0), 515. 11551155, 5151. 51
511. 555., vita: Ι, 997-998, 25-
3515115, 11, 24.

2511115151 1155115, Ι, 605 5. 4, ΙΙ, 204.

2555 551 5511111 55111 Curia di 151511,
11, 194

2551155111. 7. 21511,

255511511 (51) 1111515555, 5151. 51511.
515, 1, 405, vita: 408-(09, 499,
nstmmwffi

Penne, 51115, ΙΙ, 290. ’

2555515 (51) 2511515115, console di
Μ51115153115,ΙΙ, 25.

3w

255515, ΙΙ, 1-9: 5155151 551 111515-
11155515, ΙΙ, 9.

255511515 0131151515, 11, 992.

2515115111 01515551 5513115515, 1, 909,
027.

2511515511, 291 5. 1.

2511111515 51 1115151155 5125555, ΙΙ, 55.

251111515 51 Ι(115. 51 2555151, 551115,
ΙΙ, 42.

251111515 51 (1151155155 51 1151151, 551,
ΙΙ, 87.

251111515 51 1153515115, ΙΙ, 41.

25115515 51 215115 518511115, 551515,
11, 77.

2511555. 7. 11115155 Patrono.

215 (25111) ΙΙ, 959.

2115551155, 5151. 51511. 511., Ι, 10,
5. 4, 11111 77-81, 111 5. 9,177,
55555555

21155511 (55) 1111511551, 590, 11, 249,
(1151555111,169,(111311511555155.,
Ι, 559, ΙΙ, 299.7.21555511“115,25ν-
ta (della) 0551151515, Porta (da)
Rufino.

21555. 7. Μαι-15 (Sy.

2155515, ΙΙ, 225.

2115515 (51) 2351155, ΙΙ, 29.

21551111355 05155155, ΙΙ, 22012551-
5151155, ΙΙ, 227, 228, 755511155,
555

21111151 1151535511, 252.

2111111518. 8151555 15 Β515355. V.
stefano (S.).

589, 629, 029. 7. 15515, Studio peperata (da) 'sommam' pros, didit, 21551151,11111555 5115815515 5105-

Μ555Μ555555
1111111.

251131 (51) 1111511355151. 51 11155,
vita: Ι, 590-588.

2115150551, 1, 282 5 n. 0, 497, ΙΙ,
958, 7555511, ΙΙ, 215. V. Adi-
91151, 11115111, 1115555111) Gia-
55515, 7515555.

211155 (55) (1511155, 555555, Ι, 247,
(11515551, Ι, 521, 11511555 5151.
51 med„ vita: Ι, 590. V. ,4115115
da· 65155115 ,· 2511551.

2111135555, luogo, ΙΙ, 28.

21551551511, 15151, 172, 174, 251515,
Ι, 192, 0515555, ΙΙ, 999, 2555-
1155, ΙΙ, 99, 99, 107, 21551555-
15155151. 51511511, vita: Ι, 172-
174, ΙΙ, 42, 87, 71155515, Ι, 192,
ΙΙ, 77.

2551. 7. 2551.

21551151 Β5115151555 51 Β515351,ΙΙ,
209.

25555115 551, ΙΙ, 250.

2555113511 Β1115155151 5 61115111, spuria
51 1151555155, Ι, 519 5. 0, ΙΙ, 202
5. 1, 200-208, 1155511155, Ι, 509,
1151555155 5151. 5155111115, Ι, 148,
5ω55555η55ω
508-514, 11111115, Ι,512; 55551515,
Ι, 290, ΙΙ, 08, 09, 202 5. 1,
205-208.

511.,1111, 224-220, 11, 55.
255511, 1115, Ι, 449, sua 5135511515
2515355, ΙΙ, 97, 199, 05515, 111·
15115 51 255555, ΙΙ, 119, 2111555,
1, 108, 295, (11115511 5 0111551111,
Ι, 448, ΙΙ, 944, (11555155 51 ’155-
555, Ι, 205, 200, ΙΙ, 40, 119, 015.
512555551, 285, 280, fluido,
Ι, 270, 1155155, Ι, 448, 570, ΙΙ,
91, 941, 949, ’255555 5151. 51

. 511. 511., Ι, 270,1111; Ι, 270280,

287, 901, 909, 911, 919, ΙΙ, 91,
92, 95, 97-199, vita: 199-157,
995 5. 1, 990, 942, 944, 040, 947,
950, 951, 952, 251151, 448,Ζο5·
55,1, 104, 295, 414 5. 9, 448,
5. 4.

255555, 1511. 15 2515355, Ι, 10 5 5. 2,
29, 255555 555555, ΙΙ, 901.

25555 51555515 5511101151551215515,
namma ’

2513511513155.51155555. 551 555. 51
1111555, ΙΙ, 60.

25155155 215115, med„ Ι, 520 5. 1,
11, 286.

2511511515, l, 121, 458. V. 51518151
25115515.

251115555 (55) (111155, 51115151, 55-56.

25111311, Ι, 295, 296.

2515311 (51) 11551511, 5151. 5155151111,
1111111100.

15351,11, 18.

2155135111, 1151, Ι, 249, 14155115, Ι, 249,
ΙΙ, 05, 77, 220, (11555151555151.
51 511. 511., vita: Ι, 242-249,
21155111115, ΙΙ, 77.

21555155551 0111515555, 1, 291, Ro·
55155 5151. 51511. 555. , 969, 970.

2151513515 (115, ΙΙ, 279.

215155515. 7141551115 5151., 51151515
(S.) della 01111155 ,· 11555115 5151.,
Susa.

2151111511, 111, ΙΙ, 219.

2151151515 (55) (1531151155, 5151. 51511.
515,, vita: 1, 495-496.

215115 (S.) 15 0515355, 2513511, 270,
01555151, 11, 109, 0111551, 1, 549,
555555155555
V. 1115111505,- 05511515, 11, 52,
108, 109, 212, 216, 259, 261, 262,
209-270, 048, 649. 7. 05115511,
0151555511, 25555551οηί, 0555-
5515, ΙΙ, 72, 197, Porta, 1, 020,
11, 250, 51 0151135515 1515515,
ΙΙ, 251, 259, 15 55515 111155 51
21111, Ι, 119, 15 (151115, Ι, 119,

15 1155551, 11155, 174, 11511115 ’

1511155555, ΙΙ, 197, 0111111515,

Ι, 152, Da 8. 215115, 511515555

5151. 51 511. 511., 1, 180, 189,

219, 249, ΙΙ, 172 , (1151151511, 42.
215115 51555155 551, ΙΙ, 184.

 

