368 moron

10001100, I, 198 n. 3, 253 0. 10, 00000, Π, 18. V. Ebcli (dal 01000001. 000101 Franco, castallo 0 10110, l, 111,

11, 222, 0000, II, 222. Capua (00) Bartolomoo, 11, 211. 11, 150.

0000101111000, prof. 01 011. 011.,1110; 001011011. V. Litora. Cartalnaudary‚ 11, 111.

I, 102, 381. 00150000110(00)103010110,1101.,11, 32. 000101 S. Piatro, Ι, 206 n. 1, 210, 010-
0011010 (001) 01000100 01 Fano, pod. Carboncai fam., 1, 216, 231, 396 0. 1, 010 501030000 1100101110 111, 1, 309,

01 3010300, Ι, 219. 310110, 11, 221. 11, 11, 156, 259, 201, 315.
00101001001, Ι, 212 0 0. 3. 0010000000, 1, 211. 000101 8.310110(00)110001100,11,128,
0010010000 1., ΙΙ, 211. cardinali Π, 61, 00110001101001, ΙΙ, 252. 100000 01 050100, 0011.οἰ 10331,
001000100010, 10101311010 00111100. di 001030οη0 1., 11, 186. ΙΙ, 15.

S. Maria Nova 01 Bologna, Π, 191. 0011010 30000010 00 1101100, ΙΙ, 16. 00010110 01 00110 00111010, 11, 110.
0015011 (00) 00100, ΙΙ, 65, 69. 001100013050000103100001110,11,156. 00010110, 00110 10 3010300, Ι, 16 0. 5.
0010030110 (00) 11105010, giudice, 11, 00110 1103001010.,Ι,11,011111031001 0001000οο 1., 11, 82.

23, 30. 10001001, Π, 206. 000100000 (00) 11150110, 11, 80.
0010100110100, Ι, 182, 01010001, Ι, 00110 1110 01 Sicilia, Ι, 256, 291 0 0001131110, 10, ΙΙ, 251. V. Pietro.

181, 198, ΙΙ, 359. n. 1, 291. 0000311000 1., 11, 213.

0010100 (00) 3101100111, I, 112 0. 5. Carmina mon. 10 3010300, 11, 8l. Oaatigliona (110), l, 515, ΙΙ, 58, 151.
0010010101, 11, 225. 00100110110.11.31·011’. 00011311000 (00) 0110100 01 1111000,
0111001010 (00) 030, I, 156. 00101 (00) 0010100, Ι, 139 n. l. Π, 61.

001001101 01010001, 0011.οἰ (lacn, II, Carpinata, 11, 218. 0001133001 00111000 01 1111000, Ι, 120.

128, 336 0. 2. 0010111010 (00) 1150100, 11, 218. 1101030100 1., 11, 211.

00100 30000110, 10310 001150, Ι, 296. 0011010 (00) 3130011 01 300010, I, 309, 00101001 00101000, 11010 30000010 bo·
00110000 (00) 30010000110, giudice, 3100000001, 310. 1030000, Ι, 213, 231.

11, 13. 0011011, 1010. 01 3010300, Ι, 111 n. 5; 00101001,000.0110 Studio 01 3010300,
001011 iana, ΙΙ, 198. 115011100, 0101. 01 011. 011., Ι, 181, Π, 18.

0011000000 01010, Ι, 253. 201, 208, nita: 228-230, 261, 215, 001010300, 11, 111, 536 n. 1.
0001010010οο (Ordine), I, 332, 529 0. 9, 510, 11, 56, 51, 3000001510, Η, 29, 00101030 00311 antichi doc. bolcgnaai,

601. 10100000· 0000100100. 1001100000101. 01 011. 011.,11101 11, 110.

00015101011 01 3010300, II, 58. I, 181. 0010010, ll, 10.

0011151 01011000, Ι, 119, 510. 00110110 010000 31011110, Ι, 331. 00101001 300010, 0101. 01 011. 011., 111οε
00111510 001, 11, 251. 001100010 001 0001000,Π, 18. Ι, 102.

00001100 (00) 3010100, ΙΙ, 16. 0000 0013155. 01 1100001010 10 Bo· 00101000 000001101 3010300, Ι, 613.
0011100300Ιο 1., 1, 659, 660. 10300, ΙΙ, 12. 00101100 (S.) di Saragozaa, chiara 10
Campano (00) 01001000, Ι, 122. 00003110 (00) 01000010, Ι, 502. 3010300, Ι, 559.

0001003310 01010001, 01010 300010, 00001010331010, 10011011.οἰ Crannona. 00110001 1111131000, prol. 01 0100010,

Π, 3. 11100110. 1, 203, 255 n. 3,111οτ 191-192,
000101003110, Ι, 136. 00001000510 001 00011, Ι, 250. 1110010 501301110οο0, 0011. 01 0111-
000100 001 Toralli, 11, 211. 0000101101, I, 519 0. 2, ΙΙ, 212, 211, 101310, 1, 522 0. 9.

Campo 001110001, Ι, 311, 616, Π, 255. 212. 0011001 300110010, 11, 218.

00010010 (00) 01010001 001, Π, 185. 000010 (00) Banvanuto, 1, 500,301010- 0011001010 01 3010300 - Saucia, 1, 5.
00000010 001, 11, 291. 110, 0101. 01 dir. 000.,11101 509. 00011000 (00) 00100, Ι, 522, 533, 536,
00000111011 1110010100 013101010, oapi· 0000010 (001) 01000100, 000. 01 Bolo· 553.

1000 11, 92-91. 300, Ι, 119. Cautio (00) 300010, ΙΙ, 288.

00001011 1001, Ι, 530, 1010100οἰ00, Ι, 00001000 (S.) 0’ imola, I, 11011111. 001010111 010. 01 300000,11101 363·

163 n. 1. 000010 (00) 331010, 001010 01 Parma, 368 0 n. 2.

00001010 1., ΙΙ, 210. Π, 209. 0010111, 10030 010000 Ι1130010, 1, 51-59.
00000100 (00) 11011100, I, 391 0. 3. 0000111 01000100, 1100011010 001 Com, 001011101 110100, Π, 156.
00000101 01 8. 310110 01 30103110, Ι, ΙΙ, 58. 0010100 30100010 01 310110 not, 11,

221, ΙΙ, 168, 169, 262, 269, 265, 00000, 00010110, ΙΙ, 31. 192, 0100001100, Π, 182,1110110-

’ 210, 212, 216. V. 00011010. 0001030010 minora, 11, 259, 209. V. 110001010001111001101.,11, 132,
0000010101000100, I, 160. 31010003). 310110, II, 192.

000010 (00) 01010001, glad, 11, 33, 12. 00010101 Ugolino, 11, 220. Cavioci Dandolo di 010., lI, 155, 310-
0001000 (00) 80100110, 0101.οἰ macl, 0001011000 01 3030100000, 0001010 in 110 01 010., 01101000 00110 10110 01
111οε Ι, 501-568. modic, 1, 522 n. 5. S. 010. 10 301010010, 11, 155.
Cantorbary 00000010, ΙΙ, 11. Castalii Giacomo, 0101. 01 011. 000., 00111000, 00010110 001 Braeciano, Ι, 11.
0001015013(00)100011110,Ι,516,10111- vita: 1, 161-188, 01110010100, Ι, 00111000 (00) 0031101010, prol. 01 011.

maso, 0101. 01 011. 011., 1110, Ι, 133, 00100, 0101.οἰ 011.011.,11101 011., 111οε Ι, 11-16, 115, 315, 501

56-65. I, 55-56, 001οο00, 0101. 01 011. 000., 0. 6.

0001011 00110 0111000 01 Ravenna, II, 58. vita: Ι, 183, 11301100, Π, 15, 226. 0000011100 310110 0130010000110,11,59.
0000030 1., 11, 209. 00010110 (00). V. Tripoli. 0001101001, Ι,213,1150110,ΙΙ, 111,
00011011 0000010. 10 3010300,· I, 636. 00010110. V. Porta 0001011010 30100110. 0000100010100,ΙΙ, 55, 01001000, 11,
00011010 01 S. Piatro 01 3010300. V. 00010110 01 0011101010 3010300, Ι,288. 256, 0031101010, 0101. 01 011. 011.,

Plolro (3.). 000101 00’ 311111 1., Ι, 180, 332, 8600 vita: Ι, 212-213, 30010, Ι, 213,
00001000000 0010100, 000.οἰ 3010300, 0. 5, 398 0. 2, 610, Π, 12, 196. 501 0. 6.

Ι, 613. 000101 00’ 311111 (00) 1150101110, 3100100, 0001110, 0550000011 01 S. Gregorio, ΙΙ,22.
0001000 00010110, Ι, 235. ΙΙ, 33. ’ Calactino 0000 I, 1, 326, Calactino

 

