366

ΙΙ, 31, 1119916, ΙΙ, 41, 342, 8919-
59119, ΙΙ, 88.

89119119, 9191. 61 611. 999,, Ι, 354,
vile: 861.

8919999 99919119, Ι, 235, 250, ΙΙ, 156.

Beccadelli⁴ (991., ΙΙ, 95, 91, 89999-
69119, ΙΙ, 316, 899996199, ΙΙ, 312,
(11919991, ΙΙ, 290, Vel-erdo, 1, 529
n.1; 899991199, ΙΙ, 289, 291.1.
11991119ἰί.

8999911 1199, I, 123, 999 1119699119, Ι,
51, 89969119, Ι, 182, Lucio, Ι, 251.

891191. 1. S. Temese Centaurlenee.

8911999991989191919, Ι, 354.

891199911199 (69) 819119, Ι, 129, 260,
ΙΙ, 211.

89119969 (69) (1991911119 9991919, Ι, 149.

8911191119, 9191. 61611. 999,, 11191 I,
391-398.

8911999199 vene. 61 (199191, 218, 219
19911, 199, 119, 159, 152.

891119969 199919 61 8919999, ΙΙ, 150.

8911969111 1., ΙΙ, 32, 221.

8911191 (11999199, prof. 61 611. 911, Ι,
111, 11191 290299, 304, 119199-
6199, Ι, 299, ΙΙ, 11, 312, 346, 355.

Bene leontino. 1. 89911911 (69).

8999 8919911999191., ΙΙ, 240.

8999, scribo 6911999. 61 8919999, 1,
609 n. 1, ΙΙ, 40.

8999691899, 916199, Ι, 455.

89996911191, 1, 331, 628.

8119969119 9999 XI, Ι, 261, 492, 89-
9969119 pepo XII, I, 218, 290,
8999611119 9999 XIV, 1, 11, 451,

· 159,11,91,91, 199, 191, 199199,
124, 131, 133, 136-138,140, 148,
155,151.

8119969119 (8.) 9111999 19 8919999, ΙΙ,
21, 61 89119 Nove, 11, 221 , 1119-
ncel. in 89511999, ΙΙ, 242 n. 3.

89991919961 6911. 19 19991, 99999. 61
S. (119. 19 Monte, ΙΙ, 31, 289.

Benevento 91119, Ι, 136.

Benevento (69) 8999611119, prof. di 611.
civ, 11191 Ι, 119-111, ΙΙ, 33, Pie-
119, 9191. 61 611. cen. 991 9916,
Ι, 383, 388, 11191 989-391, ΙΙ, 280,
89111969, 11191 Ι, 132-138, 111,
310,11999919, 11191 Ι, 65681.
89919911).

8991 69181199. 891199 11 1191 191961
8919999. V. 8111199.

899199999, 9191, Ι, 615, 919919, ΙΙ,
161.

8991919961, prol. di 611. 911.,11191
1, 191.

89999 1999. 6’ 119919, ΙΙ, 248.

89999 (8.) 1999. 61 1119919, Ι, 5.

8991119999 91919, 9991919, ΙΙ, 289.

8991119911 89919, ΙΙ, 348, 8991119-
9119, ΙΙ, 310, 11999, 991. , ΙΙ, 69,
819919, ll, 340.

899199919, prof. di 1991, vite: Ι, 621-
628.

1118108

8919161 01111919, 9919991989 69119 911-
lizie 69119 0111999, ΙΙ, 140.
8919999119 vene. 61 8919911999, Ι, 108.
89199199 91119, Ι, 418, ΙΙ, 31-10, 219,

223. 1. 09119991.

89199919 (69) 89999919, 9191. di 1911,
11191 1, 601-608, Lucieno, 9191.
611996, 11191 Ι, 561-568.

89199961999 (1991191919, 9199. 61 8191-
191911, 22.

Bernerdo, 955. 61 1199991919, ΙΙ, 110.

89199169 (91.) 99999. 61 8919999, ΙΙ,
21, 110, 115, 116, 181.

89199169 (8.) Ι, 622 , 99911. 99119 Alpi,
ΙΙ, 11.

89199169, 1999. 61 Fano, ΙΙ, 203, vose.
portuense, Ι, mu.

8919916199 61 8999919999 89111999-
9911, Ι, 169.

89191 8919591699, ΙΙ, 192.

89119, 1999911, Ι, 415.

89119119 11119, Ι, 635.

89119119 (69) 11195919, prol. 61 1996,
1, 999, 959.

891119919 castello, Ι, 168.

891119919 (69) (11999199, 9191. 61 1119-
dic, 1, 36111119 1 521-528 , ΙΙ, 212,
290.

891191991911196199, ΙΙ, 235.

8911919999, 919161 lete, 11191 Ι, 609,
ΙΙ, 244, 245.

8911191169, 9191. 61 611. 999,,11191 Ι,
3811382.

891199919, 1996. 591999, Ι, 521 9. 2.

89191919. 1. 8911919999 (8.).

8919, ΙΙ, 22.

81991 Clemente cemeldol., Ι, 611.

819919 (S.) di 199919, ΙΙ, 24.

819919, 9196. 9 999999, ΙΙ, 182.

819919, 991. 11119, ΙΙ, 25.

8199959111 (11999199 61 1191199, ΙΙ, 345,
819119, Ι, 311.

8199951, 9991919, II, 290.

8199911191 (991., ΙΙ, 281. ’

819999 991.,11, 31.

8111961919 99911, ΙΙ, 31, 39, 10.

8151999119 (69) 89999, II, 218.

1111111191, 4, 5, 119.

8151191999 61 09119119 1199911, Ι, 115.

8151191999 89191991199919 8. 819999-
1199 61 099999, I, 438, 481, 498,
599, 599, 11, 919.

Biblioteolle 1991991, Ι, 416 9. 1.

8169111 69119 819619, Ι, 225, ΙΙ, 226.
V. 1111991961 Vc111111·a,· 1196911999,
(1989919999.

8111991 (11919991, ΙΙ, 206, 201. ’

811999 (69) 016999, ΙΙ, 61.

819999,19999,Ι, 252 9. 1.

81191119, Ι, 511.

811199919969, ΙΙ, 28.

819999191199 1., ΙΙ, 82.

8199999919, ΙΙ, 22.

81999999 (69) (11919991, pros. 61611.
clv, 1, 101,11191 116-111.

81919 (69) 819119, prol. 61 611. 911,
11191 1,55-55; 81.

89911911 (11911919, I, 510, (19169, Ι,
119 9 n. 9, 1191699919, ΙΙ, 842,
Ρ19119, Ι, 268, 513, Il, 15.

8991199 69 11991919, Ι, 101, 105 9 9. l.

895519 (69)(159119, Ι, 131, 893 9 9. 3,
130.

899996199991111999, I, 299.

899996119119 891111, Ι, 222,

899996119999, 9999. del 9911961 Bolo-
999, ΙΙ, 25.

8999919999, ll, 51-59.

8999511991, Ι, 240, Achille, 1, 211.
1. chaldim:

8991919 (61) Damaso, 9191. 61611. 999,,
111911,380-382. V. 81999,- 8191ῑί-
919919.

89191919 61 99991919 991., ΙΙ, 52, 216,
999, 919, 119.

8919999, 91119 19919, Ι, 86 9.1,1069
9. 1, comune, 116,]11,121,126
n. 1, 119, 199, 991, 919 n. 1, 995,
11, 91-19, 19, 59, 59, 91, 91-191,
151, 113, 232, 9999911691 com„
Ι, xxxu, 131, 6191919 61 (119119 ΙΙ,
ΙΙ, 6 n. 1, prodromi 6111991999119
899911, ΙΙ, 91-100 9 999, 19991
9911959, Ι, 12 9 9.1,91919111191-
periali, 1, 1111111, 1999911169, ΙΙ,
32, 192, 195, 1199911, Ι, 591, 620.

8919999 (69) 8911919999, 19999119 61
grammatice 9 9911919919, Ι, 586,
590, ΙΙ, 213, (19169119, 9191. 61
1911, 111911,609-610; (1919111169,
frete, 1, 609, 1199119999 99999199,
9191. 61 1991.,11191 Ι, 629, 0919-
919 61 (19169, 599611919, ΙΙ, 153.

8919999119 991., ΙΙ, 35.

8919911911 Zembonello 61 Albevlinello,
11,2511.

Bolseno (69) (11919991, 919619 8919-
999, ΙΙ, 16.

89199919 (11919991, ΙΙ, 16.

8911199111 819119, pros. 61 611. 911, Ι,
911, vita: 311-112; 11, 99, 199,
191-199, 119, 119, 1911991111,
132, 191, 119, 119, 159, 199, 919,
350.

899999111 89919, ΙΙ, 310.

89999911 11991199 89919, ΙΙ, 153.

8999999191 899991199 9199. 6111969911,
11, 911. ’

8999999199 955. 61 S. 8199919, Ι, 435,
ΙΙ, 115, 116.

8999999199 99999. servarene, 1, 550.

8999999199 61 8919919, ΙΙ, 281.

89999999 (11999919, 9191. 61 611. 999,
1, 199, vita: 159151.

89998119 1999119 6111991199 9196199,
11, 919.

8999919919 61899999, Ι, 118, ΙΙ, 301.

8991199111 Zeno 61 Ρ199, ΙΙ, 221.

8999111 (19169, 991191999, Ι, 584, 605.

8999119, 9191. 61 mod, 11191 1525526.

 

